+-----+------+-----------------+----------------+---------------+-------------------------+-------------------------+
|     | k    | Cluster Index   | Cluster Size   | Voted Label   | Cluster Mismatch Rate   |   Overall Mismatch Rate |
+=====+======+=================+================+===============+=========================+=========================+
|   0 | 2    | 2               | 784            | 1             | 0.449                   |               nan       |
+-----+------+-----------------+----------------+---------------+-------------------------+-------------------------+
|   1 | 2    | 1               | 440            | 0             | 0.4636                  |               nan       |
+-----+------+-----------------+----------------+---------------+-------------------------+-------------------------+
|   2 | k=2  |                 |                |               |                         |                 0.4563  |
+-----+------+-----------------+----------------+---------------+-------------------------+-------------------------+
|   3 | 5    | 2               | 400            | 0             | 0.0775                  |               nan       |
+-----+------+-----------------+----------------+---------------+-------------------------+-------------------------+
|   4 | 5    | 5               | 206            | 1             | 0.1311                  |               nan       |
+-----+------+-----------------+----------------+---------------+-------------------------+-------------------------+
|   5 | 5    | 1               | 187            | 0             | 0.0856                  |               nan       |
+-----+------+-----------------+----------------+---------------+-------------------------+-------------------------+
|   6 | 5    | 4               | 138            | 1             | 0.1159                  |               nan       |
+-----+------+-----------------+----------------+---------------+-------------------------+-------------------------+
|   7 | 5    | 3               | 293            | 1             | 0.0171                  |               nan       |
+-----+------+-----------------+----------------+---------------+-------------------------+-------------------------+
|   8 | k=5  |                 |                |               |                         |                 0.08544 |
+-----+------+-----------------+----------------+---------------+-------------------------+-------------------------+
|   9 | 10   | 7               | 140            | 0             | 0.0357                  |               nan       |
+-----+------+-----------------+----------------+---------------+-------------------------+-------------------------+
|  10 | 10   | 9               | 131            | 1             | 0.3511                  |               nan       |
+-----+------+-----------------+----------------+---------------+-------------------------+-------------------------+
|  11 | 10   | 3               | 136            | 0             | 0.0882                  |               nan       |
+-----+------+-----------------+----------------+---------------+-------------------------+-------------------------+
|  12 | 10   | 5               | 122            | 1             | 0.3197                  |               nan       |
+-----+------+-----------------+----------------+---------------+-------------------------+-------------------------+
|  13 | 10   | 2               | 44             | 0             | 0.1136                  |               nan       |
+-----+------+-----------------+----------------+---------------+-------------------------+-------------------------+
|  14 | 10   | 8               | 165            | 0             | 0.0606                  |               nan       |
+-----+------+-----------------+----------------+---------------+-------------------------+-------------------------+
|  15 | 10   | 6               | 89             | 1             | 0.3258                  |               nan       |
+-----+------+-----------------+----------------+---------------+-------------------------+-------------------------+
|  16 | 10   | 1               | 114            | 1             | 0.0263                  |               nan       |
+-----+------+-----------------+----------------+---------------+-------------------------+-------------------------+
|  17 | 10   | 10              | 184            | 1             | 0.038                   |               nan       |
+-----+------+-----------------+----------------+---------------+-------------------------+-------------------------+
|  18 | 10   | 4               | 99             | 1             | 0.1111                  |               nan       |
+-----+------+-----------------+----------------+---------------+-------------------------+-------------------------+
|  19 | k=10 |                 |                |               |                         |                 0.14701 |
+-----+------+-----------------+----------------+---------------+-------------------------+-------------------------+
|  20 | 30   | 22              | 33             | 0             | 0.1515                  |               nan       |
+-----+------+-----------------+----------------+---------------+-------------------------+-------------------------+
|  21 | 30   | 4               | 30             | 0             | 0.0                     |               nan       |
+-----+------+-----------------+----------------+---------------+-------------------------+-------------------------+
|  22 | 30   | 30              | 29             | 1             | 0.2759                  |               nan       |
+-----+------+-----------------+----------------+---------------+-------------------------+-------------------------+
|  23 | 30   | 12              | 85             | 0             | 0.0824                  |               nan       |
+-----+------+-----------------+----------------+---------------+-------------------------+-------------------------+
|  24 | 30   | 9               | 28             | 0             | 0.0357                  |               nan       |
+-----+------+-----------------+----------------+---------------+-------------------------+-------------------------+
|  25 | 30   | 28              | 29             | 0             | 0.1724                  |               nan       |
+-----+------+-----------------+----------------+---------------+-------------------------+-------------------------+
|  26 | 30   | 6               | 44             | 0             | 0.0455                  |               nan       |
+-----+------+-----------------+----------------+---------------+-------------------------+-------------------------+
|  27 | 30   | 29              | 35             | 1             | 0.2286                  |               nan       |
+-----+------+-----------------+----------------+---------------+-------------------------+-------------------------+
|  28 | 30   | 3               | 24             | 0             | 0.0417                  |               nan       |
+-----+------+-----------------+----------------+---------------+-------------------------+-------------------------+
|  29 | 30   | 7               | 51             | 0             | 0.0392                  |               nan       |
+-----+------+-----------------+----------------+---------------+-------------------------+-------------------------+
|  30 | 30   | 18              | 35             | 0             | 0.1429                  |               nan       |
+-----+------+-----------------+----------------+---------------+-------------------------+-------------------------+
|  31 | 30   | 11              | 36             | 0             | 0.1111                  |               nan       |
+-----+------+-----------------+----------------+---------------+-------------------------+-------------------------+
|  32 | 30   | 17              | 24             | 0             | 0.0833                  |               nan       |
+-----+------+-----------------+----------------+---------------+-------------------------+-------------------------+
|  33 | 30   | 14              | 46             | 0             | 0.087                   |               nan       |
+-----+------+-----------------+----------------+---------------+-------------------------+-------------------------+
|  34 | 30   | 21              | 27             | 1             | 0.1111                  |               nan       |
+-----+------+-----------------+----------------+---------------+-------------------------+-------------------------+
|  35 | 30   | 16              | 27             | 0             | 0.037                   |               nan       |
+-----+------+-----------------+----------------+---------------+-------------------------+-------------------------+
|  36 | 30   | 26              | 20             | 0             | 0.0                     |               nan       |
+-----+------+-----------------+----------------+---------------+-------------------------+-------------------------+
|  37 | 30   | 27              | 45             | 0             | 0.0                     |               nan       |
+-----+------+-----------------+----------------+---------------+-------------------------+-------------------------+
|  38 | 30   | 25              | 55             | 1             | 0.3455                  |               nan       |
+-----+------+-----------------+----------------+---------------+-------------------------+-------------------------+
|  39 | 30   | 8               | 32             | 1             | 0.3125                  |               nan       |
+-----+------+-----------------+----------------+---------------+-------------------------+-------------------------+
|  40 | 30   | 13              | 44             | 1             | 0.0227                  |               nan       |
+-----+------+-----------------+----------------+---------------+-------------------------+-------------------------+
|  41 | 30   | 20              | 19             | 1             | 0.1053                  |               nan       |
+-----+------+-----------------+----------------+---------------+-------------------------+-------------------------+
|  42 | 30   | 19              | 32             | 1             | 0.0938                  |               nan       |
+-----+------+-----------------+----------------+---------------+-------------------------+-------------------------+
|  43 | 30   | 1               | 51             | 1             | 0.1176                  |               nan       |
+-----+------+-----------------+----------------+---------------+-------------------------+-------------------------+
|  44 | 30   | 10              | 75             | 1             | 0.0933                  |               nan       |
+-----+------+-----------------+----------------+---------------+-------------------------+-------------------------+
|  45 | 30   | 2               | 75             | 1             | 0.0133                  |               nan       |
+-----+------+-----------------+----------------+---------------+-------------------------+-------------------------+
|  46 | 30   | 24              | 46             | 1             | 0.0217                  |               nan       |
+-----+------+-----------------+----------------+---------------+-------------------------+-------------------------+
|  47 | 30   | 5               | 65             | 1             | 0.0154                  |               nan       |
+-----+------+-----------------+----------------+---------------+-------------------------+-------------------------+
|  48 | 30   | 15              | 44             | 1             | 0.0                     |               nan       |
+-----+------+-----------------+----------------+---------------+-------------------------+-------------------------+
|  49 | 30   | 23              | 38             | 1             | 0.0                     |               nan       |
+-----+------+-----------------+----------------+---------------+-------------------------+-------------------------+
|  50 | k=30 |                 |                |               |                         |                 0.09288 |
+-----+------+-----------------+----------------+---------------+-------------------------+-------------------------+
|  51 | 50   | 9               | 15             | 0             | 0.0667                  |               nan       |
+-----+------+-----------------+----------------+---------------+-------------------------+-------------------------+
|  52 | 50   | 40              | 36             | 0             | 0.0                     |               nan       |
+-----+------+-----------------+----------------+---------------+-------------------------+-------------------------+
|  53 | 50   | 35              | 8              | 0             | 0.125                   |               nan       |
+-----+------+-----------------+----------------+---------------+-------------------------+-------------------------+
|  54 | 50   | 29              | 30             | 0             | 0.2                     |               nan       |
+-----+------+-----------------+----------------+---------------+-------------------------+-------------------------+
|  55 | 50   | 10              | 25             | 0             | 0.0                     |               nan       |
+-----+------+-----------------+----------------+---------------+-------------------------+-------------------------+
|  56 | 50   | 1               | 30             | 0             | 0.0667                  |               nan       |
+-----+------+-----------------+----------------+---------------+-------------------------+-------------------------+
|  57 | 50   | 34              | 26             | 0             | 0.0385                  |               nan       |
+-----+------+-----------------+----------------+---------------+-------------------------+-------------------------+
|  58 | 50   | 48              | 21             | 0             | 0.0                     |               nan       |
+-----+------+-----------------+----------------+---------------+-------------------------+-------------------------+
|  59 | 50   | 21              | 18             | 1             | 0.1667                  |               nan       |
+-----+------+-----------------+----------------+---------------+-------------------------+-------------------------+
|  60 | 50   | 12              | 21             | 0             | 0.0476                  |               nan       |
+-----+------+-----------------+----------------+---------------+-------------------------+-------------------------+
|  61 | 50   | 4               | 31             | 0             | 0.0323                  |               nan       |
+-----+------+-----------------+----------------+---------------+-------------------------+-------------------------+
|  62 | 50   | 28              | 21             | 0             | 0.0                     |               nan       |
+-----+------+-----------------+----------------+---------------+-------------------------+-------------------------+
|  63 | 50   | 25              | 32             | 0             | 0.0625                  |               nan       |
+-----+------+-----------------+----------------+---------------+-------------------------+-------------------------+
|  64 | 50   | 43              | 20             | 0             | 0.1                     |               nan       |
+-----+------+-----------------+----------------+---------------+-------------------------+-------------------------+
|  65 | 50   | 18              | 26             | 0             | 0.0385                  |               nan       |
+-----+------+-----------------+----------------+---------------+-------------------------+-------------------------+
|  66 | 50   | 41              | 12             | 1             | 0.25                    |               nan       |
+-----+------+-----------------+----------------+---------------+-------------------------+-------------------------+
|  67 | 50   | 33              | 16             | 0             | 0.0                     |               nan       |
+-----+------+-----------------+----------------+---------------+-------------------------+-------------------------+
|  68 | 50   | 49              | 10             | 0             | 0.1                     |               nan       |
+-----+------+-----------------+----------------+---------------+-------------------------+-------------------------+
|  69 | 50   | 32              | 25             | 0             | 0.0                     |               nan       |
+-----+------+-----------------+----------------+---------------+-------------------------+-------------------------+
|  70 | 50   | 8               | 32             | 0             | 0.0938                  |               nan       |
+-----+------+-----------------+----------------+---------------+-------------------------+-------------------------+
|  71 | 50   | 30              | 28             | 0             | 0.1071                  |               nan       |
+-----+------+-----------------+----------------+---------------+-------------------------+-------------------------+
|  72 | 50   | 44              | 28             | 0             | 0.4643                  |               nan       |
+-----+------+-----------------+----------------+---------------+-------------------------+-------------------------+
|  73 | 50   | 26              | 17             | 0             | 0.0                     |               nan       |
+-----+------+-----------------+----------------+---------------+-------------------------+-------------------------+
|  74 | 50   | 36              | 15             | 0             | 0.2                     |               nan       |
+-----+------+-----------------+----------------+---------------+-------------------------+-------------------------+
|  75 | 50   | 7               | 20             | 0             | 0.05                    |               nan       |
+-----+------+-----------------+----------------+---------------+-------------------------+-------------------------+
|  76 | 50   | 37              | 13             | 0             | 0.0                     |               nan       |
+-----+------+-----------------+----------------+---------------+-------------------------+-------------------------+
|  77 | 50   | 20              | 23             | 0             | 0.1304                  |               nan       |
+-----+------+-----------------+----------------+---------------+-------------------------+-------------------------+
|  78 | 50   | 46              | 14             | 0             | 0.0714                  |               nan       |
+-----+------+-----------------+----------------+---------------+-------------------------+-------------------------+
|  79 | 50   | 5               | 34             | 1             | 0.1176                  |               nan       |
+-----+------+-----------------+----------------+---------------+-------------------------+-------------------------+
|  80 | 50   | 17              | 19             | 1             | 0.3158                  |               nan       |
+-----+------+-----------------+----------------+---------------+-------------------------+-------------------------+
|  81 | 50   | 22              | 10             | 0             | 0.5                     |               nan       |
+-----+------+-----------------+----------------+---------------+-------------------------+-------------------------+
|  82 | 50   | 27              | 43             | 1             | 0.0698                  |               nan       |
+-----+------+-----------------+----------------+---------------+-------------------------+-------------------------+
|  83 | 50   | 19              | 49             | 1             | 0.0612                  |               nan       |
+-----+------+-----------------+----------------+---------------+-------------------------+-------------------------+
|  84 | 50   | 31              | 36             | 1             | 0.1389                  |               nan       |
+-----+------+-----------------+----------------+---------------+-------------------------+-------------------------+
|  85 | 50   | 50              | 21             | 1             | 0.1429                  |               nan       |
+-----+------+-----------------+----------------+---------------+-------------------------+-------------------------+
|  86 | 50   | 38              | 23             | 1             | 0.4348                  |               nan       |
+-----+------+-----------------+----------------+---------------+-------------------------+-------------------------+
|  87 | 50   | 14              | 31             | 1             | 0.0323                  |               nan       |
+-----+------+-----------------+----------------+---------------+-------------------------+-------------------------+
|  88 | 50   | 2               | 39             | 1             | 0.0256                  |               nan       |
+-----+------+-----------------+----------------+---------------+-------------------------+-------------------------+
|  89 | 50   | 42              | 23             | 1             | 0.0435                  |               nan       |
+-----+------+-----------------+----------------+---------------+-------------------------+-------------------------+
|  90 | 50   | 45              | 40             | 1             | 0.025                   |               nan       |
+-----+------+-----------------+----------------+---------------+-------------------------+-------------------------+
|  91 | 50   | 39              | 15             | 1             | 0.0667                  |               nan       |
+-----+------+-----------------+----------------+---------------+-------------------------+-------------------------+
|  92 | 50   | 3               | 53             | 1             | 0.0189                  |               nan       |
+-----+------+-----------------+----------------+---------------+-------------------------+-------------------------+
|  93 | 50   | 16              | 36             | 1             | 0.0                     |               nan       |
+-----+------+-----------------+----------------+---------------+-------------------------+-------------------------+
|  94 | 50   | 23              | 22             | 1             | 0.0                     |               nan       |
+-----+------+-----------------+----------------+---------------+-------------------------+-------------------------+
|  95 | 50   | 11              | 16             | 1             | 0.0                     |               nan       |
+-----+------+-----------------+----------------+---------------+-------------------------+-------------------------+
|  96 | 50   | 15              | 38             | 1             | 0.0                     |               nan       |
+-----+------+-----------------+----------------+---------------+-------------------------+-------------------------+
|  97 | 50   | 13              | 17             | 1             | 0.0                     |               nan       |
+-----+------+-----------------+----------------+---------------+-------------------------+-------------------------+
|  98 | 50   | 24              | 16             | 1             | 0.0                     |               nan       |
+-----+------+-----------------+----------------+---------------+-------------------------+-------------------------+
|  99 | 50   | 47              | 16             | 1             | 0.0                     |               nan       |
+-----+------+-----------------+----------------+---------------+-------------------------+-------------------------+
| 100 | 50   | 6               | 14             | 1             | 0.0                     |               nan       |
+-----+------+-----------------+----------------+---------------+-------------------------+-------------------------+
| 101 | k=50 |                 |                |               |                         |                 0.08809 |
+-----+------+-----------------+----------------+---------------+-------------------------+-------------------------+